,epoch,step,time/trnstep,train_loss_p
0,1.0,1.0,0.21144795417785645,207.58363342285156
1,1.0,2.0,0.04873180389404297,182.82154846191406
2,1.0,3.0,0.04532265663146973,177.13299560546875
3,1.0,4.0,0.04727005958557129,137.271484375
4,1.0,5.0,0.0472407341003418,137.30056762695312
5,1.0,6.0,0.047103166580200195,102.86740112304688
6,1.0,7.0,0.04786086082458496,112.70614624023438
7,1.0,8.0,0.04840850830078125,92.02169036865234
8,1.0,9.0,0.04796552658081055,102.59510803222656
9,1.0,10.0,0.04795026779174805,91.54713439941406
10,1.0,11.0,0.04824542999267578,77.73204040527344
11,1.0,12.0,0.04781317710876465,71.66426849365234
12,1.0,13.0,0.04768109321594238,71.48481750488281
13,1.0,14.0,0.0476229190826416,76.28842163085938
14,1.0,15.0,0.04901742935180664,74.15093231201172
15,1.0,16.0,0.047925472259521484,77.1110610961914
16,1.0,17.0,0.04842948913574219,67.2271957397461
17,1.0,18.0,0.049765825271606445,66.74080657958984
18,1.0,19.0,0.049265384674072266,65.18415069580078
19,1.0,20.0,0.05596446990966797,66.61129760742188
20,1.0,21.0,0.04945015907287598,62.97327423095703
21,1.0,22.0,0.0510258674621582,58.74980163574219
22,1.0,23.0,0.05002903938293457,57.41835021972656
23,1.0,24.0,0.05041313171386719,57.50957107543945
24,1.0,25.0,0.05041694641113281,52.01865768432617
25,1.0,26.0,0.050004005432128906,47.29818344116211
26,1.0,27.0,0.049974679946899414,44.58456039428711
27,1.0,28.0,0.05065131187438965,41.80305480957031
28,1.0,29.0,0.05013871192932129,36.9290885925293
29,1.0,30.0,0.05010080337524414,34.75469207763672
30,1.0,31.0,0.051216840744018555,31.082988739013672
31,1.0,32.0,0.0619962215423584,34.85338592529297
32,1.0,33.0,0.09159541130065918,34.6295051574707
33,1.0,34.0,0.060961008071899414,31.028196334838867
34,1.0,35.0,0.05137467384338379,29.46988296508789
35,1.0,36.0,0.051337480545043945,25.243215560913086
36,1.0,37.0,0.050340890884399414,29.06442642211914
37,1.0,38.0,0.05006003379821777,29.028017044067383
38,1.0,39.0,0.050095558166503906,24.259794235229492
39,1.0,40.0,0.05083632469177246,20.49112892150879
40,1.0,41.0,0.051944732666015625,19.62439727783203
41,1.0,42.0,0.05176997184753418,21.24991226196289
42,1.0,43.0,0.051640987396240234,17.319393157958984
43,1.0,44.0,0.05055379867553711,17.530630111694336
44,1.0,45.0,0.050186872482299805,14.42413330078125
45,1.0,46.0,0.05146360397338867,14.340715408325195
46,1.0,47.0,0.050633907318115234,14.105167388916016
47,1.0,48.0,0.051796913146972656,14.607873916625977
48,1.0,49.0,0.0518343448638916,11.808530807495117
49,1.0,50.0,0.05129289627075195,10.738091468811035
50,1.0,51.0,0.060788631439208984,11.177983283996582
51,1.0,52.0,0.0604557991027832,10.05560302734375
52,1.0,53.0,0.05839967727661133,10.560614585876465
53,1.0,54.0,0.0584871768951416,6.394069194793701
54,1.0,55.0,0.0596165657043457,7.996787071228027
55,1.0,56.0,0.05986952781677246,6.273549556732178
56,1.0,57.0,0.05890083312988281,5.671370029449463
57,1.0,58.0,0.06124591827392578,4.873746395111084
58,1.0,59.0,0.06049203872680664,4.62021541595459
59,1.0,60.0,0.060683488845825195,3.8492698669433594
60,1.0,61.0,0.05941581726074219,3.780735492706299
61,1.0,62.0,0.05897378921508789,2.898448944091797
62,1.0,63.0,0.05909132957458496,1.9642741680145264
63,1.0,64.0,0.07061004638671875,3.0307388305664062
64,1.0,65.0,0.05900263786315918,2.0579161643981934
65,1.0,66.0,0.05803275108337402,3.7722644805908203
66,1.0,67.0,0.06033587455749512,3.00747013092041
67,1.0,68.0,0.060678958892822266,1.0295953750610352
68,1.0,69.0,0.06167292594909668,0.884844183921814
69,1.0,70.0,0.060004234313964844,-0.14500141143798828
70,1.0,71.0,0.05913519859313965,-0.018429815769195557
71,1.0,72.0,0.06057381629943848,-1.4396569728851318
72,1.0,73.0,0.05917024612426758,-0.49129432439804077
73,1.0,74.0,0.05948662757873535,-1.4150197505950928
74,1.0,75.0,0.060652732849121094,-0.5294458270072937
75,1.0,76.0,0.060361623764038086,-2.1800594329833984
76,1.0,77.0,0.060816287994384766,-1.8755371570587158
77,1.0,78.0,0.058954477310180664,-3.188286304473877
78,1.0,79.0,0.0594477653503418,-2.0789973735809326
79,1.0,80.0,0.05936861038208008,-1.5478979349136353
80,1.0,81.0,0.06072878837585449,-2.982959032058716
81,1.0,82.0,0.06033754348754883,-3.2188966274261475
82,1.0,83.0,0.05932879447937012,-4.342059135437012
83,1.0,84.0,0.06058239936828613,-3.1868019104003906
84,1.0,85.0,0.06119728088378906,-4.145880699157715
85,1.0,86.0,0.059175968170166016,-4.201971054077148
86,1.0,87.0,0.05737042427062988,-2.700944185256958
87,1.0,88.0,0.05814218521118164,-4.593395233154297
88,1.0,89.0,0.06167197227478027,-2.812612771987915
89,1.0,90.0,0.0620114803314209,-3.761544942855835
90,1.0,91.0,0.05729079246520996,-3.9738659858703613
91,1.0,92.0,0.059175729751586914,-5.072605133056641
92,1.0,93.0,0.05945920944213867,-4.390584468841553
93,1.0,94.0,0.0594332218170166,-4.729976654052734
94,1.0,95.0,0.06076955795288086,-4.548586845397949
95,1.0,96.0,0.060738563537597656,-4.938189506530762
96,1.0,97.0,0.060976266860961914,-4.048623085021973
97,1.0,98.0,0.05797314643859863,-4.3526291847229
98,1.0,99.0,0.05427122116088867,-4.647585391998291
99,1.0,100.0,0.05320882797241211,-4.627610683441162
100,1.0,101.0,0.05280804634094238,-4.954577445983887
101,1.0,102.0,0.04686474800109863,-4.687102794647217
102,1.0,103.0,0.04587125778198242,-5.254648685455322
103,1.0,104.0,0.047159671783447266,-4.5915937423706055
104,1.0,105.0,0.045293331146240234,-4.093959808349609
105,1.0,106.0,0.04543018341064453,-4.758550643920898
106,1.0,107.0,0.045662641525268555,-5.608858585357666
107,1.0,108.0,0.0453944206237793,-5.111340045928955
108,1.0,109.0,0.04642844200134277,-5.075135231018066
109,1.0,110.0,0.04700303077697754,-5.135776042938232
110,1.0,111.0,0.04742097854614258,-3.600734233856201
111,1.0,112.0,0.047379493713378906,-5.629803657531738
112,1.0,113.0,0.04731583595275879,-3.9246339797973633
113,1.0,114.0,0.04804563522338867,-5.659653663635254
114,1.0,115.0,0.04594874382019043,-6.047385215759277
115,1.0,116.0,0.04689502716064453,-5.517144680023193
116,1.0,117.0,0.04610323905944824,-5.655920028686523
117,1.0,118.0,0.04557394981384277,-5.723689079284668
118,1.0,119.0,0.045420169830322266,-5.867501735687256
119,1.0,120.0,0.046724796295166016,-5.480573654174805
120,1.0,121.0,0.047097206115722656,-5.530559539794922
121,1.0,122.0,0.046633243560791016,-5.674496173858643
122,1.0,123.0,0.0468137264251709,-5.382293701171875
123,1.0,124.0,0.04572558403015137,-5.465707778930664
124,1.0,125.0,0.0512385368347168,-4.418461799621582
125,1.0,126.0,0.05234551429748535,-5.558082580566406
126,1.0,127.0,0.053238868713378906,-5.53755521774292
127,1.0,128.0,0.05280423164367676,-3.8706130981445312
128,1.0,129.0,0.05264449119567871,-4.935942649841309
129,1.0,130.0,0.0526432991027832,-5.805141925811768
130,1.0,131.0,0.05263257026672363,-5.493623733520508
131,1.0,132.0,0.057712554931640625,-5.896803855895996
132,1.0,133.0,0.052168846130371094,-6.233160018920898
133,1.0,134.0,0.05258941650390625,-5.563185214996338
134,1.0,135.0,0.05426597595214844,-5.528078079223633
135,1.0,136.0,0.05373716354370117,-5.479255199432373
136,1.0,137.0,0.05263161659240723,-5.825048923492432
137,1.0,138.0,0.05552244186401367,-5.7292704582214355
138,1.0,139.0,0.058986663818359375,-5.999510765075684
139,1.0,140.0,0.06018376350402832,-6.226184844970703
140,1.0,141.0,0.05307269096374512,-4.748095512390137
141,2.0,1.0,0.05159616470336914,-6.229843616485596
142,2.0,2.0,0.05191183090209961,-7.250678539276123
143,2.0,3.0,0.07499408721923828,-6.291388511657715
144,2.0,4.0,0.06424069404602051,-5.2168097496032715
145,2.0,5.0,0.05794382095336914,-6.046958923339844
146,2.0,6.0,0.05179619789123535,-5.795629978179932
147,2.0,7.0,0.050916433334350586,-6.895797252655029
148,2.0,8.0,0.04983663558959961,-7.886728286743164
149,2.0,9.0,0.0478208065032959,-6.787999153137207
150,2.0,10.0,0.05042433738708496,-6.88132905960083
151,2.0,11.0,0.04881000518798828,-7.678278923034668
152,2.0,12.0,0.04973101615905762,-6.796464920043945
153,2.0,13.0,0.05132746696472168,-6.459677219390869
154,2.0,14.0,0.04844498634338379,-6.242711067199707
155,2.0,15.0,0.05252790451049805,-6.031861782073975
156,2.0,16.0,0.049950599670410156,-7.196444511413574
157,2.0,17.0,0.04858756065368652,-6.565608024597168
158,2.0,18.0,0.04752206802368164,-7.243982791900635
159,2.0,19.0,0.0494384765625,-5.8499555587768555
160,2.0,20.0,0.04876255989074707,-8.084579467773438
161,2.0,21.0,0.04818534851074219,-8.177046775817871
162,2.0,22.0,0.04881715774536133,-7.101800918579102
163,2.0,23.0,0.04906201362609863,-6.354146957397461
164,2.0,24.0,0.049164772033691406,-7.330349445343018
165,2.0,25.0,0.048033714294433594,-6.697977066040039
166,2.0,26.0,0.04742598533630371,-7.574490547180176
167,2.0,27.0,0.04760432243347168,-6.729267120361328
168,2.0,28.0,0.04759407043457031,-6.928053379058838
169,2.0,29.0,0.050122737884521484,-6.6124491691589355
170,2.0,30.0,0.04879617691040039,-7.924290657043457
171,2.0,31.0,0.049230098724365234,-7.771411418914795
172,2.0,32.0,0.048831939697265625,-8.294390678405762
173,2.0,33.0,0.04881644248962402,-7.937264919281006
174,2.0,34.0,0.04909157752990723,-8.324363708496094
175,2.0,35.0,0.047681570053100586,-7.4220404624938965
176,2.0,36.0,0.04782557487487793,-8.81155014038086
177,2.0,37.0,0.04889822006225586,-8.006102561950684
178,2.0,38.0,0.04916667938232422,-8.298831939697266
179,2.0,39.0,0.048066139221191406,-6.922208786010742
180,2.0,40.0,0.04778409004211426,-8.053531646728516
181,2.0,41.0,0.047477006912231445,-8.399298667907715
182,2.0,42.0,0.04825019836425781,-8.318291664123535
183,2.0,43.0,0.04886174201965332,-8.173040390014648
184,2.0,44.0,0.04900789260864258,-8.253647804260254
185,2.0,45.0,0.04799771308898926,-8.005743026733398
186,2.0,46.0,0.048716068267822266,-8.050533294677734
187,2.0,47.0,0.04863381385803223,-8.637712478637695
188,2.0,48.0,0.04736495018005371,-9.06336498260498
189,2.0,49.0,0.047319889068603516,-9.333105087280273
190,2.0,50.0,0.04873061180114746,-9.124329566955566
191,2.0,51.0,0.049301862716674805,-9.51579761505127
192,2.0,52.0,0.07319021224975586,-10.19009780883789
193,2.0,53.0,0.055124759674072266,-9.960468292236328
194,2.0,54.0,0.05349993705749512,-8.688056945800781
195,2.0,55.0,0.05004572868347168,-9.272693634033203
196,2.0,56.0,0.049945831298828125,-9.462716102600098
197,2.0,57.0,0.05040407180786133,-9.475769996643066
198,2.0,58.0,0.04797840118408203,-9.55888843536377
199,2.0,59.0,0.047914981842041016,-9.750608444213867
200,2.0,60.0,0.054698944091796875,-10.493592262268066
201,2.0,61.0,0.04941058158874512,-9.906209945678711
202,2.0,62.0,0.04934811592102051,-10.639815330505371
203,2.0,63.0,0.04949307441711426,-10.35322380065918
204,2.0,64.0,0.049340009689331055,-10.303180694580078
205,2.0,65.0,0.04929780960083008,-9.774468421936035
206,2.0,66.0,0.04832291603088379,-9.706807136535645
207,2.0,67.0,0.04816889762878418,-10.276287078857422
208,2.0,68.0,0.04873037338256836,-10.395524024963379
209,2.0,69.0,0.048755645751953125,-10.255725860595703
210,2.0,70.0,0.04920768737792969,-11.371213912963867
211,2.0,71.0,0.04842209815979004,-10.851686477661133
212,2.0,72.0,0.049547672271728516,-8.697608947753906
213,2.0,73.0,0.048404693603515625,-11.523534774780273
214,2.0,74.0,0.04951143264770508,-11.041021347045898
215,2.0,75.0,0.048718929290771484,-13.107240676879883
216,2.0,76.0,0.048285484313964844,-12.521756172180176
217,2.0,77.0,0.050635337829589844,-11.558625221252441
218,2.0,78.0,0.04830002784729004,-11.29258918762207
219,2.0,79.0,0.04823136329650879,-11.737168312072754
220,2.0,80.0,0.05017662048339844,-12.270880699157715
221,2.0,81.0,0.04934120178222656,-11.149151802062988
222,2.0,82.0,0.05236363410949707,-12.060474395751953
223,2.0,83.0,0.04978775978088379,-11.727524757385254
224,2.0,84.0,0.04926729202270508,-12.941131591796875
225,2.0,85.0,0.04901862144470215,-12.404754638671875
226,2.0,86.0,0.04964756965637207,-12.905035018920898
227,2.0,87.0,0.048917531967163086,-13.739937782287598
228,2.0,88.0,0.04946637153625488,-12.262173652648926
229,2.0,89.0,0.049564361572265625,-10.380391120910645
230,2.0,90.0,0.04918718338012695,-13.298240661621094
231,2.0,91.0,0.04886889457702637,-11.902600288391113
232,2.0,92.0,0.04847240447998047,-12.986276626586914
233,2.0,93.0,0.04842352867126465,-12.038435935974121
234,2.0,94.0,0.05109429359436035,-13.29555892944336
235,2.0,95.0,0.05038595199584961,-12.57164192199707
236,2.0,96.0,0.04826927185058594,-13.613229751586914
237,2.0,97.0,0.050935983657836914,-13.456456184387207
238,2.0,98.0,0.048952579498291016,-12.902898788452148
239,2.0,99.0,0.05083799362182617,-13.822824478149414
240,2.0,100.0,0.04825782775878906,-12.579296112060547
241,2.0,101.0,0.04865241050720215,-13.843478202819824
242,2.0,102.0,0.0483853816986084,-13.815505027770996
243,2.0,103.0,0.04830574989318848,-14.6145658493042
244,2.0,104.0,0.048012733459472656,-13.50129222869873
245,2.0,105.0,0.04877877235412598,-14.21988296508789
246,2.0,106.0,0.04910469055175781,-14.727731704711914
247,2.0,107.0,0.048407793045043945,-13.756673812866211
248,2.0,108.0,0.048958539962768555,-15.653804779052734
249,2.0,109.0,0.04818391799926758,-14.619131088256836
250,2.0,110.0,0.04406595230102539,-13.01433277130127
251,2.0,111.0,0.03603792190551758,-15.67448902130127
252,2.0,112.0,0.05098867416381836,-14.455760955810547
253,2.0,113.0,0.04966878890991211,-14.013358116149902
254,2.0,114.0,0.04972267150878906,-14.711827278137207
255,2.0,115.0,0.04998207092285156,-15.162749290466309
256,2.0,116.0,0.04908442497253418,-14.724356651306152
257,2.0,117.0,0.049635887145996094,-15.93626880645752
258,2.0,118.0,0.048742055892944336,-15.049044609069824
259,2.0,119.0,0.04843401908874512,-14.620630264282227
260,2.0,120.0,0.0482175350189209,-15.358370780944824
261,2.0,121.0,0.04815936088562012,-14.833702087402344
262,2.0,122.0,0.04847455024719238,-15.72561264038086
263,2.0,123.0,0.049539804458618164,-14.808667182922363
264,2.0,124.0,0.04861283302307129,-15.39609146118164
265,2.0,125.0,0.04847550392150879,-15.691919326782227
266,2.0,126.0,0.04825782775878906,-16.397146224975586
267,2.0,127.0,0.04955625534057617,-15.688467025756836
268,2.0,128.0,0.04996609687805176,-16.132421493530273
269,2.0,129.0,0.05023455619812012,-16.634624481201172
270,2.0,130.0,0.06221365928649902,-15.135358810424805
271,2.0,131.0,0.05395865440368652,-15.166144371032715
272,2.0,132.0,0.0514223575592041,-16.152090072631836
273,2.0,133.0,0.05009818077087402,-14.872834205627441
274,2.0,134.0,0.049436092376708984,-16.226505279541016
275,2.0,135.0,0.04952812194824219,-15.836315155029297
276,2.0,136.0,0.049219608306884766,-16.896198272705078
277,2.0,137.0,0.04944610595703125,-16.5917911529541
278,2.0,138.0,0.04769277572631836,-16.14456558227539
279,2.0,139.0,0.04631352424621582,-16.02847671508789
280,2.0,140.0,0.046508073806762695,-16.568649291992188
281,2.0,141.0,0.042474985122680664,-16.487598419189453
282,3.0,1.0,0.04800581932067871,-15.935443878173828
283,3.0,2.0,0.04838299751281738,-15.856561660766602
284,3.0,3.0,0.04949474334716797,-17.07040786743164
285,3.0,4.0,0.04844331741333008,-16.364376068115234
286,3.0,5.0,0.04792499542236328,-16.587800979614258
287,3.0,6.0,0.04810047149658203,-17.34553337097168
288,3.0,7.0,0.05028414726257324,-17.070833206176758
289,3.0,8.0,0.048262596130371094,-17.070003509521484
290,3.0,9.0,0.048485517501831055,-17.291440963745117
291,3.0,10.0,0.04859185218811035,-17.51677894592285
292,3.0,11.0,0.04909348487854004,-16.977073669433594
293,3.0,12.0,0.04938936233520508,-16.931480407714844
294,3.0,13.0,0.048897504806518555,-17.16244888305664
295,3.0,14.0,0.04846453666687012,-16.550893783569336
296,3.0,15.0,0.04792380332946777,-18.191892623901367
297,3.0,16.0,0.04911208152770996,-18.259830474853516
298,3.0,17.0,0.04755401611328125,-17.08721923828125
299,3.0,18.0,0.047168731689453125,-17.294681549072266
300,3.0,19.0,0.04771733283996582,-17.314760208129883
301,3.0,20.0,0.047363996505737305,-17.223011016845703
302,3.0,21.0,0.04742240905761719,-17.38750648498535
303,3.0,22.0,0.04695391654968262,-18.116485595703125
304,3.0,23.0,0.046855926513671875,-17.78612518310547
305,3.0,24.0,0.047402381896972656,-16.38705062866211
306,3.0,25.0,0.04754233360290527,-17.844104766845703
307,3.0,26.0,0.047260284423828125,-16.788944244384766
308,3.0,27.0,0.05086541175842285,-16.68353843688965
309,3.0,28.0,0.049015045166015625,-16.186159133911133
310,3.0,29.0,0.04887270927429199,-17.55000877380371
311,3.0,30.0,0.049046993255615234,-18.076391220092773
312,3.0,31.0,0.04850125312805176,-18.074926376342773
313,3.0,32.0,0.04868292808532715,-18.17189598083496
314,3.0,33.0,0.04868173599243164,-17.5886173248291
315,3.0,34.0,0.04811239242553711,-17.479700088500977
316,3.0,35.0,0.04815340042114258,-17.970600128173828
317,3.0,36.0,0.04893922805786133,-19.293790817260742
318,3.0,37.0,0.0489954948425293,-17.703521728515625
319,3.0,38.0,0.049086809158325195,-18.353487014770508
320,3.0,39.0,0.050124406814575195,-17.926963806152344
321,3.0,40.0,0.050632476806640625,-18.921184539794922
322,3.0,41.0,0.04949760437011719,-17.220565795898438
323,3.0,42.0,0.049939632415771484,-17.35800552368164
324,3.0,43.0,0.04962301254272461,-18.625755310058594
325,3.0,44.0,0.0495908260345459,-17.725982666015625
326,3.0,45.0,0.04851841926574707,-17.32719612121582
327,3.0,46.0,0.04870247840881348,-16.40993881225586
328,3.0,47.0,0.04820752143859863,-18.618919372558594
329,3.0,48.0,0.04842782020568848,-18.482370376586914
330,3.0,49.0,0.04984569549560547,-17.945592880249023
331,3.0,50.0,0.04950118064880371,-18.313514709472656
332,3.0,51.0,0.056365013122558594,-17.9354305267334
333,3.0,52.0,0.04866218566894531,-19.195846557617188
334,3.0,53.0,0.04747724533081055,-19.120691299438477
335,3.0,54.0,0.04724574089050293,-18.487199783325195
336,3.0,55.0,0.04682302474975586,-18.851247787475586
337,3.0,56.0,0.0467836856842041,-18.320518493652344
338,3.0,57.0,0.04676222801208496,-19.963623046875
339,3.0,58.0,0.046474456787109375,-17.446521759033203
340,3.0,59.0,0.04652905464172363,-17.86918830871582
341,3.0,60.0,0.046159982681274414,-19.005781173706055
342,3.0,61.0,0.04638862609863281,-18.885448455810547
343,3.0,62.0,0.0464777946472168,-19.260757446289062
344,3.0,63.0,0.046727657318115234,-18.676799774169922
345,3.0,64.0,0.04639291763305664,-19.91036605834961
346,3.0,65.0,0.04650545120239258,-19.471485137939453
347,3.0,66.0,0.0470118522644043,-19.029712677001953
348,3.0,67.0,0.04714226722717285,-18.6209774017334
349,3.0,68.0,0.04711174964904785,-18.696430206298828
350,3.0,69.0,0.04641246795654297,-19.149635314941406
351,3.0,70.0,0.046594858169555664,-18.938308715820312
352,3.0,71.0,0.04669809341430664,-18.94234848022461
353,3.0,72.0,0.046881914138793945,-19.845643997192383
354,3.0,73.0,0.04721355438232422,-19.176769256591797
355,3.0,74.0,0.04770064353942871,-19.106847763061523
356,3.0,75.0,0.04654192924499512,-19.407140731811523
357,3.0,76.0,0.046297550201416016,-19.839231491088867
358,3.0,77.0,0.04684138298034668,-19.409252166748047
359,3.0,78.0,0.046758174896240234,-18.949356079101562
360,3.0,79.0,0.046584367752075195,-19.363101959228516
361,3.0,80.0,0.04635453224182129,-18.271398544311523
362,3.0,81.0,0.04652547836303711,-18.632598876953125
363,3.0,82.0,0.04627823829650879,-19.126026153564453
364,3.0,83.0,0.046573638916015625,-18.57975196838379
365,3.0,84.0,0.04665064811706543,-18.8275203704834
366,3.0,85.0,0.04651236534118652,-20.131900787353516
367,3.0,86.0,0.04648900032043457,-20.135059356689453
368,3.0,87.0,0.04596567153930664,-19.711233139038086
369,3.0,88.0,0.0466461181640625,-18.021305084228516
370,3.0,89.0,0.04647517204284668,-18.346799850463867
371,3.0,90.0,0.04628634452819824,-20.25048828125
372,3.0,91.0,0.046210289001464844,-19.278100967407227
373,3.0,92.0,0.04671525955200195,-18.11573600769043
374,3.0,93.0,0.04635047912597656,-18.693553924560547
375,3.0,94.0,0.04649853706359863,-19.06345558166504
376,3.0,95.0,0.046356916427612305,-18.18102264404297
377,3.0,96.0,0.04637265205383301,-19.39541244506836
378,3.0,97.0,0.04694986343383789,-20.24612045288086
379,3.0,98.0,0.046677350997924805,-19.120201110839844
380,3.0,99.0,0.04625749588012695,-20.65439796447754
381,3.0,100.0,0.04644656181335449,-20.35162925720215
382,3.0,101.0,0.04694557189941406,-19.953163146972656
383,3.0,102.0,0.046445369720458984,-18.975830078125
384,3.0,103.0,0.04690694808959961,-19.199138641357422
385,3.0,104.0,0.04661870002746582,-18.352306365966797
386,3.0,105.0,0.04648542404174805,-20.83403778076172
387,3.0,106.0,0.045957088470458984,-20.14482307434082
388,3.0,107.0,0.046660661697387695,-20.080677032470703
389,3.0,108.0,0.04875779151916504,-20.90555191040039
390,3.0,109.0,0.04662179946899414,-18.35917091369629
391,3.0,110.0,0.04676055908203125,-20.515121459960938
392,3.0,111.0,0.04678678512573242,-20.852977752685547
393,3.0,112.0,0.04700279235839844,-19.486923217773438
394,3.0,113.0,0.04634881019592285,-20.940858840942383
395,3.0,114.0,0.046730756759643555,-20.610055923461914
396,3.0,115.0,0.04639434814453125,-19.825712203979492
397,3.0,116.0,0.04626297950744629,-21.032920837402344
398,3.0,117.0,0.04646730422973633,-21.265430450439453
399,3.0,118.0,0.04620623588562012,-21.33418083190918
400,3.0,119.0,0.0463712215423584,-20.268930435180664
401,3.0,120.0,0.04644179344177246,-18.917505264282227
402,3.0,121.0,0.046904563903808594,-19.96183967590332
403,3.0,122.0,0.047415971755981445,-21.58313751220703
404,3.0,123.0,0.04704880714416504,-20.495969772338867
405,3.0,124.0,0.04699230194091797,-20.268001556396484
406,3.0,125.0,0.04700970649719238,-20.89883804321289
407,3.0,126.0,0.0475316047668457,-21.063806533813477
408,3.0,127.0,0.04714775085449219,-20.616451263427734
409,3.0,128.0,0.04693174362182617,-19.664997100830078
410,3.0,129.0,0.046330928802490234,-20.64250373840332
411,3.0,130.0,0.04645943641662598,-20.688268661499023
412,3.0,131.0,0.046560049057006836,-20.229684829711914
413,3.0,132.0,0.0466761589050293,-19.47847557067871
414,3.0,133.0,0.04679417610168457,-20.762025833129883
415,3.0,134.0,0.04642462730407715,-21.253158569335938
416,3.0,135.0,0.04745674133300781,-19.9101505279541
417,3.0,136.0,0.04670596122741699,-20.80476951599121
418,3.0,137.0,0.04646658897399902,-20.23313331604004
419,3.0,138.0,0.04673480987548828,-19.162612915039062
420,3.0,139.0,0.04687905311584473,-21.324235916137695
421,3.0,140.0,0.04696059226989746,-20.116044998168945
422,3.0,141.0,0.04231882095336914,-21.170576095581055
423,4.0,1.0,0.04682493209838867,-21.29389190673828
424,4.0,2.0,0.04671025276184082,-20.21563148498535
425,4.0,3.0,0.04693150520324707,-20.480815887451172
426,4.0,4.0,0.04694485664367676,-20.2138729095459
427,4.0,5.0,0.04684615135192871,-20.48908233642578
428,4.0,6.0,0.04703187942504883,-21.123580932617188
429,4.0,7.0,0.04718303680419922,-20.003870010375977
430,4.0,8.0,0.046668052673339844,-20.760074615478516
431,4.0,9.0,0.04688286781311035,-20.82168960571289
432,4.0,10.0,0.04699444770812988,-21.121244430541992
433,4.0,11.0,0.04683732986450195,-21.401567459106445
434,4.0,12.0,0.046312808990478516,-20.49773597717285
435,4.0,13.0,0.0465543270111084,-20.748353958129883
436,4.0,14.0,0.04695010185241699,-22.486820220947266
437,4.0,15.0,0.04682111740112305,-22.21685028076172
438,4.0,16.0,0.046820640563964844,-20.3916015625
439,4.0,17.0,0.04647469520568848,-21.700178146362305
440,4.0,18.0,0.04658770561218262,-22.163658142089844
441,4.0,19.0,0.046482086181640625,-20.87578582763672
442,4.0,20.0,0.04703187942504883,-21.07173728942871
443,4.0,21.0,0.04752159118652344,-21.984268188476562
444,4.0,22.0,0.04815316200256348,-21.059768676757812
445,4.0,23.0,0.04922318458557129,-21.55034828186035
446,4.0,24.0,0.04911947250366211,-21.493562698364258
447,4.0,25.0,0.04877614974975586,-20.252527236938477
448,4.0,26.0,0.049121856689453125,-21.32929801940918
449,4.0,27.0,0.05622267723083496,-22.111927032470703
450,4.0,28.0,0.04748868942260742,-21.775840759277344
451,4.0,29.0,0.047510385513305664,-22.406370162963867
452,4.0,30.0,0.04704475402832031,-21.947542190551758
453,4.0,31.0,0.04680061340332031,-21.57976531982422
454,4.0,32.0,0.04734539985656738,-21.3699893951416
455,4.0,33.0,0.04716157913208008,-21.677993774414062
456,4.0,34.0,0.04632401466369629,-21.072813034057617
457,4.0,35.0,0.0461580753326416,-21.831302642822266
458,4.0,36.0,0.04771876335144043,-21.312469482421875
459,4.0,37.0,0.04669809341430664,-21.96334457397461
460,4.0,38.0,0.04685497283935547,-22.241315841674805
461,4.0,39.0,0.047181129455566406,-21.516803741455078
462,4.0,40.0,0.047261714935302734,-21.348363876342773
463,4.0,41.0,0.04655170440673828,-22.77761459350586
464,4.0,42.0,0.046942710876464844,-21.93474006652832
465,4.0,43.0,0.047391653060913086,-22.10971450805664
466,4.0,44.0,0.046769142150878906,-22.86285972595215
467,4.0,45.0,0.04705190658569336,-21.80414390563965
468,4.0,46.0,0.04656386375427246,-22.150997161865234
469,4.0,47.0,0.0470738410949707,-20.89468765258789
470,4.0,48.0,0.04789590835571289,-21.812755584716797
471,4.0,49.0,0.04686760902404785,-21.44241714477539
472,4.0,50.0,0.04620218276977539,-21.653488159179688
473,4.0,51.0,0.046248435974121094,-21.747133255004883
474,4.0,52.0,0.04743790626525879,-21.823728561401367
475,4.0,53.0,0.04706120491027832,-22.72884750366211
476,4.0,54.0,0.046710968017578125,-22.09808921813965
477,4.0,55.0,0.04730582237243652,-22.527725219726562
478,4.0,56.0,0.047080039978027344,-21.169998168945312
479,4.0,57.0,0.0471189022064209,-21.607585906982422
480,4.0,58.0,0.046705007553100586,-20.742328643798828
481,4.0,59.0,0.04642152786254883,-22.823345184326172
482,4.0,60.0,0.046355247497558594,-22.04180145263672
483,4.0,61.0,0.046380043029785156,-22.72371482849121
484,4.0,62.0,0.046588897705078125,-21.232019424438477
485,4.0,63.0,0.04825305938720703,-21.402509689331055
486,4.0,64.0,0.047009944915771484,-22.582788467407227
487,4.0,65.0,0.04671001434326172,-22.08191680908203
488,4.0,66.0,0.04628896713256836,-22.52212905883789
489,4.0,67.0,0.0464785099029541,-21.198936462402344
490,4.0,68.0,0.04673290252685547,-22.782447814941406
491,4.0,69.0,0.04691624641418457,-22.00714111328125
492,4.0,70.0,0.04661083221435547,-22.500843048095703
493,4.0,71.0,0.04716181755065918,-21.292247772216797
494,4.0,72.0,0.0471346378326416,-22.892305374145508
495,4.0,73.0,0.04677748680114746,-23.18181610107422
496,4.0,74.0,0.0467991828918457,-23.011682510375977
497,4.0,75.0,0.04631519317626953,-21.62795066833496
498,4.0,76.0,0.046827077865600586,-22.91866111755371
499,4.0,77.0,0.04666948318481445,-22.99225616455078
500,4.0,78.0,0.046553611755371094,-22.20263671875
501,4.0,79.0,0.046616554260253906,-21.426597595214844
502,4.0,80.0,0.04682326316833496,-21.870288848876953
503,4.0,81.0,0.04658699035644531,-21.637968063354492
504,4.0,82.0,0.0467228889465332,-21.405288696289062
505,4.0,83.0,0.046241044998168945,-22.66673469543457
506,4.0,84.0,0.04682040214538574,-21.60469627380371
507,4.0,85.0,0.0476682186126709,-21.76022720336914
508,4.0,86.0,0.04735517501831055,-21.78600311279297
509,4.0,87.0,0.046198129653930664,-22.189029693603516
510,4.0,88.0,0.04646944999694824,-21.76544761657715
511,4.0,89.0,0.04644417762756348,-22.670459747314453
512,4.0,90.0,0.0463106632232666,-21.2816104888916
513,4.0,91.0,0.04630446434020996,-22.72402000427246
514,4.0,92.0,0.04622197151184082,-22.01430892944336
515,4.0,93.0,0.04666280746459961,-21.87404441833496
516,4.0,94.0,0.04703330993652344,-22.14961051940918
517,4.0,95.0,0.04690289497375488,-21.556140899658203
518,4.0,96.0,0.04677319526672363,-23.179502487182617
519,4.0,97.0,0.0465235710144043,-21.92050552368164
520,4.0,98.0,0.046950578689575195,-22.923969268798828
521,4.0,99.0,0.04688572883605957,-22.586469650268555
522,4.0,100.0,0.04664325714111328,-22.679893493652344
523,4.0,101.0,0.046507835388183594,-22.216625213623047
524,4.0,102.0,0.04692387580871582,-23.203968048095703
525,4.0,103.0,0.04715323448181152,-22.32248306274414
526,4.0,104.0,0.04647088050842285,-21.81705093383789
527,4.0,105.0,0.046265363693237305,-22.68159294128418
528,4.0,106.0,0.04635310173034668,-22.495832443237305
529,4.0,107.0,0.0467987060546875,-21.587080001831055
530,4.0,108.0,0.04694867134094238,-22.212554931640625
531,4.0,109.0,0.04686999320983887,-22.729434967041016
532,4.0,110.0,0.04665637016296387,-22.841445922851562
533,4.0,111.0,0.04615020751953125,-21.96673011779785
534,4.0,112.0,0.04641270637512207,-22.872461318969727
535,4.0,113.0,0.04658150672912598,-23.695032119750977
536,4.0,114.0,0.04793906211853027,-22.736398696899414
537,4.0,115.0,0.051491498947143555,-22.31724739074707
538,4.0,116.0,0.04705476760864258,-22.754844665527344
539,4.0,117.0,0.0472259521484375,-23.4561767578125
540,4.0,118.0,0.0471956729888916,-22.666187286376953
541,4.0,119.0,0.04753470420837402,-22.953535079956055
542,4.0,120.0,0.046552419662475586,-22.412797927856445
543,4.0,121.0,0.04745006561279297,-21.7609806060791
544,4.0,122.0,0.048099517822265625,-22.2784423828125
545,4.0,123.0,0.04726862907409668,-21.369462966918945
546,4.0,124.0,0.04750466346740723,-21.811565399169922
547,4.0,125.0,0.046746015548706055,-22.338150024414062
548,4.0,126.0,0.04723930358886719,-23.544830322265625
549,4.0,127.0,0.04619717597961426,-22.80112075805664
550,4.0,128.0,0.04664325714111328,-22.91619873046875
551,4.0,129.0,0.04664444923400879,-22.056306838989258
552,4.0,130.0,0.046732187271118164,-22.183738708496094
553,4.0,131.0,0.04639911651611328,-22.326644897460938
554,4.0,132.0,0.04619097709655762,-21.513473510742188
555,4.0,133.0,0.046413421630859375,-21.118900299072266
556,4.0,134.0,0.04770350456237793,-24.158672332763672
557,4.0,135.0,0.0464785099029541,-23.7562198638916
558,4.0,136.0,0.04688668251037598,-23.365951538085938
559,4.0,137.0,0.046977996826171875,-22.89113998413086
560,4.0,138.0,0.04688858985900879,-23.578716278076172
561,4.0,139.0,0.0467686653137207,-23.24718475341797
562,4.0,140.0,0.046389102935791016,-23.382610321044922
563,4.0,141.0,0.042183637619018555,-24.862689971923828
564,5.0,1.0,0.04680204391479492,-23.885208129882812
565,5.0,2.0,0.046305179595947266,-24.224403381347656
566,5.0,3.0,0.04649496078491211,-24.255342483520508
567,5.0,4.0,0.04623699188232422,-23.277334213256836
568,5.0,5.0,0.04632735252380371,-23.2188720703125
569,5.0,6.0,0.04804635047912598,-23.874755859375
570,5.0,7.0,0.047834157943725586,-23.157514572143555
571,5.0,8.0,0.04776811599731445,-22.028549194335938
572,5.0,9.0,0.04775524139404297,-22.544649124145508
573,5.0,10.0,0.047560930252075195,-23.323251724243164
574,5.0,11.0,0.04725527763366699,-23.32204818725586
575,5.0,12.0,0.04744601249694824,-22.89763641357422
576,5.0,13.0,0.04745960235595703,-24.532800674438477
577,5.0,14.0,0.047789573669433594,-21.574413299560547
578,5.0,15.0,0.047907114028930664,-22.751811981201172
579,5.0,16.0,0.04887652397155762,-23.934999465942383
580,5.0,17.0,0.0489504337310791,-24.27846336364746
581,5.0,18.0,0.04867100715637207,-23.568843841552734
582,5.0,19.0,0.04878950119018555,-25.319820404052734
583,5.0,20.0,0.04894065856933594,-23.210735321044922
584,5.0,21.0,0.04842543601989746,-23.00647735595703
585,5.0,22.0,0.04774951934814453,-23.476682662963867
586,5.0,23.0,0.04774045944213867,-23.78702735900879
587,5.0,24.0,0.04770946502685547,-24.460002899169922
588,5.0,25.0,0.048120737075805664,-23.64876365661621
589,5.0,26.0,0.04972648620605469,-24.889328002929688
590,5.0,27.0,0.04931330680847168,-23.29144287109375
591,5.0,28.0,0.04925942420959473,-22.698955535888672
592,5.0,29.0,0.0478215217590332,-24.101633071899414
593,5.0,30.0,0.04769158363342285,-23.640331268310547
594,5.0,31.0,0.04752945899963379,-24.330419540405273
595,5.0,32.0,0.04789924621582031,-22.757314682006836
596,5.0,33.0,0.047962188720703125,-23.684261322021484
597,5.0,34.0,0.04774737358093262,-25.018335342407227
598,5.0,35.0,0.04836225509643555,-22.814374923706055
599,5.0,36.0,0.04754948616027832,-23.694000244140625
600,5.0,37.0,0.046924591064453125,-23.80809783935547
601,5.0,38.0,0.047609567642211914,-23.328046798706055
602,5.0,39.0,0.04872488975524902,-22.356765747070312
603,5.0,40.0,0.04773902893066406,-23.821861267089844
604,5.0,41.0,0.04909396171569824,-23.033607482910156
605,5.0,42.0,0.049196481704711914,-22.663589477539062
606,5.0,43.0,0.04960274696350098,-22.382793426513672
607,5.0,44.0,0.04814743995666504,-23.890287399291992
608,5.0,45.0,0.049413204193115234,-23.033504486083984
609,5.0,46.0,0.049498796463012695,-22.777481079101562
610,5.0,47.0,0.04956221580505371,-23.2388916015625
611,5.0,48.0,0.048277854919433594,-23.31533432006836
612,5.0,49.0,0.0475773811340332,-23.247589111328125
613,5.0,50.0,0.04768776893615723,-24.275264739990234
614,5.0,51.0,0.049303293228149414,-23.942434310913086
615,5.0,52.0,0.04890298843383789,-22.603473663330078
616,5.0,53.0,0.04895663261413574,-22.403486251831055
617,5.0,54.0,0.04829740524291992,-24.05486488342285
618,5.0,55.0,0.04850125312805176,-22.492660522460938
619,5.0,56.0,0.04921746253967285,-23.42486572265625
620,5.0,57.0,0.04941368103027344,-23.238685607910156
621,5.0,58.0,0.048029184341430664,-24.460590362548828
622,5.0,59.0,0.050631046295166016,-23.084300994873047
623,5.0,60.0,0.0481867790222168,-24.030227661132812
624,5.0,61.0,0.04900336265563965,-23.885835647583008
625,5.0,62.0,0.04822087287902832,-24.079622268676758
626,5.0,63.0,0.048059701919555664,-23.31180763244629
627,5.0,64.0,0.047950029373168945,-24.019855499267578
628,5.0,65.0,0.047881126403808594,-23.437828063964844
629,5.0,66.0,0.04932999610900879,-24.55035400390625
630,5.0,67.0,0.04942655563354492,-24.53891372680664
631,5.0,68.0,0.04929494857788086,-24.246654510498047
632,5.0,69.0,0.048211097717285156,-24.478614807128906
633,5.0,70.0,0.049202680587768555,-24.56697654724121
634,5.0,71.0,0.048810720443725586,-23.85399627685547
635,5.0,72.0,0.04839801788330078,-25.590225219726562
636,5.0,73.0,0.049314260482788086,-23.820735931396484
637,5.0,74.0,0.049698591232299805,-24.17747688293457
638,5.0,75.0,0.04812145233154297,-23.12744140625
639,5.0,76.0,0.049154043197631836,-24.09983253479004
640,5.0,77.0,0.04895758628845215,-23.930770874023438
641,5.0,78.0,0.048085689544677734,-23.360027313232422
642,5.0,79.0,0.04911351203918457,-24.569198608398438
643,5.0,80.0,0.04929924011230469,-22.132427215576172
644,5.0,81.0,0.049654245376586914,-23.066490173339844
645,5.0,82.0,0.048682451248168945,-23.038801193237305
646,5.0,83.0,0.04970717430114746,-23.88043212890625
647,5.0,84.0,0.049680233001708984,-23.664615631103516
648,5.0,85.0,0.04864954948425293,-23.136472702026367
649,5.0,86.0,0.048825740814208984,-24.204376220703125
650,5.0,87.0,0.04771256446838379,-24.059688568115234
651,5.0,88.0,0.049614906311035156,-23.36269187927246
652,5.0,89.0,0.049775123596191406,-23.221656799316406
653,5.0,90.0,0.06451201438903809,-23.99117088317871
654,5.0,91.0,0.04990720748901367,-23.9608154296875
655,5.0,92.0,0.051019906997680664,-23.643526077270508
656,5.0,93.0,0.05000114440917969,-24.852375030517578
657,5.0,94.0,0.05510592460632324,-24.34339141845703
658,5.0,95.0,0.04928946495056152,-24.305124282836914
659,5.0,96.0,0.04818844795227051,-24.554080963134766
660,5.0,97.0,0.04820537567138672,-25.354347229003906
661,5.0,98.0,0.04830169677734375,-24.654027938842773
662,5.0,99.0,0.048627614974975586,-24.584577560424805
663,5.0,100.0,0.048418283462524414,-24.525146484375
664,5.0,101.0,0.04829216003417969,-23.941831588745117
665,5.0,102.0,0.04815053939819336,-24.48162078857422
666,5.0,103.0,0.04796481132507324,-24.17456817626953
667,5.0,104.0,0.04803061485290527,-23.764617919921875
668,5.0,105.0,0.04868769645690918,-24.002655029296875
669,5.0,106.0,0.049480438232421875,-24.054704666137695
670,5.0,107.0,0.049509286880493164,-25.212642669677734
671,5.0,108.0,0.050490379333496094,-23.25121307373047
672,5.0,109.0,0.050470590591430664,-24.035175323486328
673,5.0,110.0,0.05025172233581543,-24.452587127685547
674,5.0,111.0,0.0493013858795166,-24.703676223754883
675,5.0,112.0,0.04985332489013672,-24.803377151489258
676,5.0,113.0,0.050540924072265625,-23.5262508392334
677,5.0,114.0,0.04883861541748047,-24.810989379882812
678,5.0,115.0,0.04864072799682617,-23.8377742767334
679,5.0,116.0,0.04847002029418945,-24.070499420166016
680,5.0,117.0,0.04836726188659668,-24.747135162353516
681,5.0,118.0,0.04831647872924805,-24.939395904541016
682,5.0,119.0,0.04748272895812988,-24.448572158813477
683,5.0,120.0,0.048247337341308594,-24.188194274902344
684,5.0,121.0,0.047965049743652344,-23.54598045349121
685,5.0,122.0,0.049802541732788086,-24.836044311523438
686,5.0,123.0,0.04945945739746094,-24.34895896911621
687,5.0,124.0,0.04983925819396973,-25.818666458129883
688,5.0,125.0,0.04961562156677246,-24.6165828704834
689,5.0,126.0,0.05062222480773926,-23.494325637817383
690,5.0,127.0,0.05012321472167969,-25.204200744628906
691,5.0,128.0,0.052115440368652344,-23.138519287109375
692,5.0,129.0,0.04879641532897949,-24.815820693969727
693,5.0,130.0,0.048861026763916016,-23.34320640563965
694,5.0,131.0,0.04917621612548828,-23.83918571472168
695,5.0,132.0,0.04898524284362793,-25.862342834472656
696,5.0,133.0,0.0488123893737793,-23.824932098388672
697,5.0,134.0,0.048806190490722656,-24.091093063354492
698,5.0,135.0,0.04997730255126953,-25.10491371154785
699,5.0,136.0,0.048659324645996094,-24.45427894592285
700,5.0,137.0,0.04738283157348633,-24.223342895507812
701,5.0,138.0,0.047423362731933594,-23.818925857543945
702,5.0,139.0,0.046996116638183594,-24.62054443359375
703,5.0,140.0,0.04736924171447754,-23.98123550415039
704,5.0,141.0,0.042913198471069336,-23.686111450195312
705,6.0,1.0,0.047036170959472656,-25.050399780273438
706,6.0,2.0,0.0471501350402832,-26.039011001586914
707,6.0,3.0,0.04743528366088867,-24.34534454345703
708,6.0,4.0,0.04800081253051758,-24.326902389526367
709,6.0,5.0,0.0479123592376709,-24.56096839904785
710,6.0,6.0,0.047636985778808594,-24.107975006103516
711,6.0,7.0,0.04723548889160156,-24.315080642700195
712,6.0,8.0,0.047751665115356445,-24.538084030151367
713,6.0,9.0,0.04708361625671387,-24.134042739868164
714,6.0,10.0,0.052951812744140625,-25.007448196411133
715,6.0,11.0,0.049440860748291016,-26.02893829345703
716,6.0,12.0,0.0480344295501709,-23.23390769958496
717,6.0,13.0,0.05103039741516113,-25.08287239074707
718,6.0,14.0,0.048789262771606445,-24.41309356689453
719,6.0,15.0,0.048332929611206055,-23.593618392944336
720,6.0,16.0,0.0494229793548584,-25.05702781677246
721,6.0,17.0,0.048505306243896484,-25.014822006225586
722,6.0,18.0,0.049118757247924805,-23.944982528686523
723,6.0,19.0,0.04806852340698242,-24.497182846069336
724,6.0,20.0,0.0485072135925293,-24.661212921142578
725,6.0,21.0,0.049063920974731445,-23.321203231811523
726,6.0,22.0,0.049306631088256836,-25.32311248779297
727,6.0,23.0,0.04924511909484863,-24.024063110351562
728,6.0,24.0,0.047939300537109375,-24.191354751586914
729,6.0,25.0,0.04788970947265625,-23.41417694091797
730,6.0,26.0,0.04797554016113281,-23.511810302734375
731,6.0,27.0,0.049073219299316406,-24.339073181152344
732,6.0,28.0,0.047991037368774414,-24.032007217407227
733,6.0,29.0,0.04856705665588379,-24.35137367248535
734,6.0,30.0,0.048990488052368164,-23.65250015258789
735,6.0,31.0,0.04824686050415039,-23.706567764282227
736,6.0,32.0,0.049120426177978516,-23.83979606628418
737,6.0,33.0,0.048168182373046875,-24.55385971069336
738,6.0,34.0,0.04835057258605957,-26.111804962158203
739,6.0,35.0,0.04933500289916992,-23.890029907226562
740,6.0,36.0,0.047995567321777344,-26.219820022583008
741,6.0,37.0,0.04780936241149902,-25.88095474243164
742,6.0,38.0,0.04820537567138672,-24.028892517089844
743,6.0,39.0,0.04920482635498047,-24.674175262451172
744,6.0,40.0,0.048818111419677734,-25.326993942260742
745,6.0,41.0,0.04803276062011719,-22.52356719970703
746,6.0,42.0,0.04804110527038574,-25.096153259277344
747,6.0,43.0,0.04856514930725098,-22.916728973388672
748,6.0,44.0,0.04807162284851074,-24.912410736083984
749,6.0,45.0,0.04850172996520996,-24.308631896972656
750,6.0,46.0,0.04660654067993164,-24.595836639404297
751,6.0,47.0,0.04741311073303223,-23.770170211791992
752,6.0,48.0,0.04696512222290039,-24.770849227905273
753,6.0,49.0,0.04717087745666504,-24.65479278564453
754,6.0,50.0,0.047896623611450195,-24.504112243652344
755,6.0,51.0,0.04765772819519043,-24.71833038330078
756,6.0,52.0,0.04672694206237793,-27.033876419067383
757,6.0,53.0,0.048088788986206055,-23.590648651123047
758,6.0,54.0,0.046918392181396484,-26.40053367614746
759,6.0,55.0,0.047005653381347656,-24.119945526123047
760,6.0,56.0,0.04729032516479492,-25.304624557495117
761,6.0,57.0,0.04685354232788086,-25.074472427368164
762,6.0,58.0,0.046727657318115234,-24.89366912841797
763,6.0,59.0,0.04709362983703613,-25.089847564697266
764,6.0,60.0,0.04725480079650879,-25.87653350830078
765,6.0,61.0,0.04702258110046387,-25.82571029663086
766,6.0,62.0,0.046827077865600586,-24.861591339111328
767,6.0,63.0,0.047261953353881836,-25.243595123291016
768,6.0,64.0,0.04718947410583496,-25.680227279663086
769,6.0,65.0,0.047026872634887695,-24.68514633178711
770,6.0,66.0,0.04767417907714844,-24.092533111572266
771,6.0,67.0,0.04743337631225586,-25.589841842651367
772,6.0,68.0,0.04726552963256836,-24.70003890991211
773,6.0,69.0,0.046828508377075195,-25.299959182739258
774,6.0,70.0,0.046976566314697266,-25.39278793334961
775,6.0,71.0,0.047669172286987305,-25.618436813354492
776,6.0,72.0,0.049294233322143555,-26.045446395874023
777,6.0,73.0,0.04768037796020508,-25.367403030395508
778,6.0,74.0,0.04727888107299805,-24.94454002380371
779,6.0,75.0,0.047242164611816406,-25.995925903320312
780,6.0,76.0,0.04690361022949219,-24.249860763549805
781,6.0,77.0,0.046663761138916016,-25.276933670043945
782,6.0,78.0,0.04686379432678223,-24.703327178955078
783,6.0,79.0,0.04679298400878906,-24.206993103027344
784,6.0,80.0,0.046930551528930664,-26.7429141998291
785,6.0,81.0,0.047183990478515625,-25.88658905029297
786,6.0,82.0,0.04663228988647461,-26.169639587402344
787,6.0,83.0,0.047243595123291016,-26.55270004272461
788,6.0,84.0,0.04716920852661133,-25.110881805419922
789,6.0,85.0,0.047493934631347656,-26.59754180908203
790,6.0,86.0,0.04713296890258789,-25.540325164794922
791,6.0,87.0,0.04709744453430176,-25.397544860839844
792,6.0,88.0,0.04678010940551758,-26.386531829833984
793,6.0,89.0,0.04674887657165527,-25.549604415893555
794,6.0,90.0,0.047811269760131836,-25.366647720336914
795,6.0,91.0,0.047243595123291016,-25.624483108520508
796,6.0,92.0,0.04679250717163086,-25.92552375793457
797,6.0,93.0,0.04692530632019043,-26.456029891967773
798,6.0,94.0,0.04708218574523926,-25.6205997467041
799,6.0,95.0,0.04679727554321289,-25.54569435119629
800,6.0,96.0,0.04805350303649902,-25.15869903564453
801,6.0,97.0,0.04751467704772949,-26.23598289489746
802,6.0,98.0,0.04739665985107422,-25.422828674316406
803,6.0,99.0,0.04756593704223633,-25.304443359375
804,6.0,100.0,0.04733467102050781,-26.064268112182617
805,6.0,101.0,0.0486447811126709,-26.64655876159668
806,6.0,102.0,0.04927849769592285,-26.201698303222656
807,6.0,103.0,0.04942059516906738,-25.779502868652344
808,6.0,104.0,0.04929089546203613,-25.208675384521484
809,6.0,105.0,0.04934525489807129,-25.339323043823242
810,6.0,106.0,0.0491030216217041,-25.61641502380371
811,6.0,107.0,0.04933953285217285,-26.1466064453125
812,6.0,108.0,0.0478060245513916,-25.645404815673828
813,6.0,109.0,0.04805755615234375,-26.373802185058594
814,6.0,110.0,0.04783463478088379,-25.44461441040039
815,6.0,111.0,0.04772448539733887,-26.40835952758789
816,6.0,112.0,0.04930520057678223,-25.775272369384766
817,6.0,113.0,0.04810500144958496,-26.12019920349121
818,6.0,114.0,0.048134565353393555,-25.599462509155273
819,6.0,115.0,0.04910564422607422,-24.998159408569336
820,6.0,116.0,0.04826092720031738,-25.900062561035156
821,6.0,117.0,0.049112558364868164,-25.51898765563965
822,6.0,118.0,0.048722028732299805,-26.85721206665039
823,6.0,119.0,0.04907846450805664,-25.618812561035156
824,6.0,120.0,0.048183441162109375,-25.65065574645996
825,6.0,121.0,0.047968387603759766,-25.492549896240234
826,6.0,122.0,0.04841327667236328,-26.042715072631836
827,6.0,123.0,0.049257516860961914,-25.78350830078125
828,6.0,124.0,0.049497365951538086,-25.550825119018555
829,6.0,125.0,0.04963994026184082,-25.870344161987305
830,6.0,126.0,0.0479123592376709,-26.05484390258789
831,6.0,127.0,0.04800987243652344,-25.718896865844727
832,6.0,128.0,0.04919147491455078,-26.18164825439453
833,6.0,129.0,0.049247026443481445,-26.11117172241211
834,6.0,130.0,0.04944491386413574,-26.037004470825195
835,6.0,131.0,0.04921293258666992,-25.921703338623047
836,6.0,132.0,0.04913043975830078,-25.310787200927734
837,6.0,133.0,0.04954075813293457,-25.918434143066406
838,6.0,134.0,0.04773592948913574,-26.85592269897461
839,6.0,135.0,0.04799675941467285,-25.936691284179688
840,6.0,136.0,0.049274444580078125,-25.86638641357422
841,6.0,137.0,0.049144744873046875,-26.68879508972168
842,6.0,138.0,0.04846692085266113,-25.439441680908203
843,6.0,139.0,0.04944586753845215,-26.11634063720703
844,6.0,140.0,0.04804825782775879,-26.005599975585938
845,6.0,141.0,0.042775869369506836,-27.892375946044922
846,7.0,1.0,0.04690980911254883,-26.178516387939453
847,7.0,2.0,0.04680824279785156,-25.7911319732666
848,7.0,3.0,0.04716992378234863,-26.600833892822266
849,7.0,4.0,0.04751086235046387,-26.255525588989258
850,7.0,5.0,0.047232627868652344,-25.603473663330078
851,7.0,6.0,0.04742550849914551,-26.794044494628906
852,7.0,7.0,0.04748106002807617,-26.39234733581543
853,7.0,8.0,0.047702789306640625,-26.162460327148438
854,7.0,9.0,0.04739570617675781,-25.82976722717285
855,7.0,10.0,0.04728221893310547,-26.91103172302246
856,7.0,11.0,0.04747724533081055,-25.841541290283203
857,7.0,12.0,0.04762458801269531,-26.348770141601562
858,7.0,13.0,0.0473480224609375,-27.235851287841797
859,7.0,14.0,0.047331809997558594,-25.13674545288086
860,7.0,15.0,0.047335147857666016,-24.89645767211914
861,7.0,16.0,0.046799659729003906,-26.204246520996094
862,7.0,17.0,0.047133684158325195,-25.381881713867188
863,7.0,18.0,0.046764373779296875,-25.610675811767578
864,7.0,19.0,0.046488285064697266,-25.738269805908203
865,7.0,20.0,0.04722404479980469,-25.045612335205078
866,7.0,21.0,0.04640364646911621,-25.102476119995117
867,7.0,22.0,0.04657483100891113,-25.955583572387695
868,7.0,23.0,0.047078847885131836,-25.83879280090332
869,7.0,24.0,0.04652142524719238,-24.735546112060547
870,7.0,25.0,0.04680776596069336,-24.41840171813965
871,7.0,26.0,0.04675936698913574,-26.113027572631836
872,7.0,27.0,0.046501874923706055,-23.581893920898438
873,7.0,28.0,0.0470738410949707,-25.46564483642578
874,7.0,29.0,0.047058820724487305,-24.523862838745117
875,7.0,30.0,0.04735684394836426,-26.124183654785156
876,7.0,31.0,0.046961069107055664,-25.01605987548828
877,7.0,32.0,0.04666590690612793,-26.140634536743164
878,7.0,33.0,0.04665517807006836,-26.73185157775879
879,7.0,34.0,0.04719424247741699,-27.754920959472656
880,7.0,35.0,0.04728412628173828,-25.236310958862305
881,7.0,36.0,0.046788930892944336,-25.718141555786133
882,7.0,37.0,0.04662036895751953,-26.0345401763916
883,7.0,38.0,0.04668903350830078,-26.375450134277344
884,7.0,39.0,0.046718597412109375,-25.93474578857422
885,7.0,40.0,0.04647564888000488,-26.044355392456055
886,7.0,41.0,0.04684138298034668,-25.204330444335938
887,7.0,42.0,0.047247886657714844,-26.925085067749023
888,7.0,43.0,0.04719209671020508,-26.599645614624023
889,7.0,44.0,0.04655861854553223,-26.850255966186523
890,7.0,45.0,0.046970367431640625,-27.111671447753906
891,7.0,46.0,0.04738616943359375,-26.803531646728516
892,7.0,47.0,0.04718422889709473,-26.305715560913086
893,7.0,48.0,0.04708981513977051,-26.082937240600586
894,7.0,49.0,0.047234296798706055,-26.737197875976562
895,7.0,50.0,0.04715394973754883,-26.72360610961914
896,7.0,51.0,0.04717373847961426,-26.226024627685547
897,7.0,52.0,0.04726529121398926,-27.11917495727539
898,7.0,53.0,0.04697608947753906,-26.215862274169922
899,7.0,54.0,0.0471959114074707,-26.99632453918457
900,7.0,55.0,0.04677748680114746,-26.30508804321289
901,7.0,56.0,0.04693031311035156,-28.155122756958008
902,7.0,57.0,0.04665732383728027,-26.556324005126953
903,7.0,58.0,0.04696249961853027,-24.994966506958008
904,7.0,59.0,0.04735231399536133,-27.21340560913086
905,7.0,60.0,0.04708743095397949,-25.53728485107422
906,7.0,61.0,0.04696393013000488,-26.27577781677246
907,7.0,62.0,0.04677128791809082,-24.56749725341797
908,7.0,63.0,0.046499013900756836,-25.289146423339844
909,7.0,64.0,0.046600341796875,-26.2806453704834
910,7.0,65.0,0.04749011993408203,-25.728153228759766
911,7.0,66.0,0.048623085021972656,-24.29640007019043
912,7.0,67.0,0.04785561561584473,-26.03316879272461
913,7.0,68.0,0.04775357246398926,-25.48124885559082
914,7.0,69.0,0.047556161880493164,-24.791433334350586
915,7.0,70.0,0.04901742935180664,-24.990997314453125
916,7.0,71.0,0.04923081398010254,-26.083505630493164
917,7.0,72.0,0.04912614822387695,-26.618206024169922
918,7.0,73.0,0.04763460159301758,-26.126766204833984
919,7.0,74.0,0.04938554763793945,-24.769445419311523
920,7.0,75.0,0.047304391860961914,-25.90161895751953
921,7.0,76.0,0.047151803970336914,-26.965198516845703
922,7.0,77.0,0.04704093933105469,-25.804967880249023
923,7.0,78.0,0.04707217216491699,-24.926654815673828
924,7.0,79.0,0.04711794853210449,-26.039220809936523
925,7.0,80.0,0.04696297645568848,-26.141206741333008
926,7.0,81.0,0.04732060432434082,-25.538570404052734
927,7.0,82.0,0.04711747169494629,-26.26860809326172
928,7.0,83.0,0.047452449798583984,-26.116613388061523
929,7.0,84.0,0.04698467254638672,-25.333118438720703
930,7.0,85.0,0.04679083824157715,-25.824565887451172
931,7.0,86.0,0.04644155502319336,-26.0399227142334
932,7.0,87.0,0.04696989059448242,-27.32193374633789
933,7.0,88.0,0.04702115058898926,-26.55537986755371
934,7.0,89.0,0.04671168327331543,-26.795936584472656
935,7.0,90.0,0.047133684158325195,-26.80760955810547
936,7.0,91.0,0.046674251556396484,-26.313827514648438
937,7.0,92.0,0.046643733978271484,-26.54952621459961
938,7.0,93.0,0.04692864418029785,-24.22402572631836
939,7.0,94.0,0.04793071746826172,-26.2528076171875
940,7.0,95.0,0.046933650970458984,-27.379457473754883
941,7.0,96.0,0.04622387886047363,-26.2163143157959
942,7.0,97.0,0.0465855598449707,-25.855587005615234
943,7.0,98.0,0.04716944694519043,-26.154464721679688
944,7.0,99.0,0.046720266342163086,-26.44917869567871
945,7.0,100.0,0.04654431343078613,-26.098926544189453
946,7.0,101.0,0.04668259620666504,-25.72677993774414
947,7.0,102.0,0.04683947563171387,-24.785505294799805
948,7.0,103.0,0.04682564735412598,-26.172908782958984
949,7.0,104.0,0.04708266258239746,-27.368499755859375
950,7.0,105.0,0.04686307907104492,-25.264305114746094
951,7.0,106.0,0.04705023765563965,-25.337486267089844
952,7.0,107.0,0.04695606231689453,-27.02272605895996
953,7.0,108.0,0.04687333106994629,-26.584699630737305
954,7.0,109.0,0.04706096649169922,-26.798351287841797
955,7.0,110.0,0.04724931716918945,-26.56805419921875
956,7.0,111.0,0.04787588119506836,-26.642393112182617
957,7.0,112.0,0.049431800842285156,-26.143598556518555
958,7.0,113.0,0.04772663116455078,-24.875185012817383
959,7.0,114.0,0.04871773719787598,-26.32017707824707
960,7.0,115.0,0.048770904541015625,-26.77532958984375
961,7.0,116.0,0.047425270080566406,-27.132423400878906
962,7.0,117.0,0.04887247085571289,-25.94872283935547
963,7.0,118.0,0.04932403564453125,-26.821857452392578
964,7.0,119.0,0.04912066459655762,-27.797876358032227
965,7.0,120.0,0.048089027404785156,-27.915626525878906
966,7.0,121.0,0.04825949668884277,-27.72625160217285
967,7.0,122.0,0.04934120178222656,-26.089946746826172
968,7.0,123.0,0.04770326614379883,-27.453773498535156
969,7.0,124.0,0.0473482608795166,-26.651973724365234
970,7.0,125.0,0.048798322677612305,-27.61819839477539
971,7.0,126.0,0.04897665977478027,-28.05604362487793
972,7.0,127.0,0.04880356788635254,-27.980056762695312
973,7.0,128.0,0.048940420150756836,-27.708080291748047
974,7.0,129.0,0.04796338081359863,-27.8170223236084
975,7.0,130.0,0.04759550094604492,-28.501726150512695
976,7.0,131.0,0.048882246017456055,-26.937002182006836
977,7.0,132.0,0.04920244216918945,-27.049352645874023
978,7.0,133.0,0.04830813407897949,-25.955419540405273
979,7.0,134.0,0.04883837699890137,-26.95254135131836
980,7.0,135.0,0.04781198501586914,-27.9501895904541
981,7.0,136.0,0.0478672981262207,-27.63503074645996
982,7.0,137.0,0.04878807067871094,-26.97723388671875
983,7.0,138.0,0.049295663833618164,-26.71426010131836
984,7.0,139.0,0.04930830001831055,-27.531282424926758
985,7.0,140.0,0.04906344413757324,-25.313316345214844
986,7.0,141.0,0.04275798797607422,-28.831375122070312
987,8.0,1.0,0.04688739776611328,-27.309358596801758
988,8.0,2.0,0.046355485916137695,-25.910850524902344
989,8.0,3.0,0.04701662063598633,-26.642606735229492
990,8.0,4.0,0.04714250564575195,-26.37539291381836
991,8.0,5.0,0.04872775077819824,-28.073293685913086
992,8.0,6.0,0.04860496520996094,-27.166471481323242
993,8.0,7.0,0.0487673282623291,-26.00592803955078
994,8.0,8.0,0.047840118408203125,-28.038372039794922
995,8.0,9.0,0.04819965362548828,-28.414813995361328
996,8.0,10.0,0.04933953285217285,-28.018997192382812
997,8.0,11.0,0.04908943176269531,-27.201519012451172
998,8.0,12.0,0.04932260513305664,-26.951505661010742
999,8.0,13.0,0.04790067672729492,-27.46920394897461
1000,8.0,14.0,0.04808521270751953,-27.172821044921875
1001,8.0,15.0,0.04844522476196289,-29.075794219970703
1002,8.0,16.0,0.049233198165893555,-28.139705657958984
1003,8.0,17.0,0.04832029342651367,-27.493118286132812
1004,8.0,18.0,0.0486757755279541,-27.548690795898438
1005,8.0,19.0,0.04928159713745117,-27.861526489257812
1006,8.0,20.0,0.04912924766540527,-28.2233943939209
1007,8.0,21.0,0.04836010932922363,-28.044206619262695
1008,8.0,22.0,0.04798412322998047,-26.268142700195312
1009,8.0,23.0,0.0489194393157959,-28.136253356933594
1010,8.0,24.0,0.04846978187561035,-26.68765640258789
1011,8.0,25.0,0.04808950424194336,-27.51685333251953
1012,8.0,26.0,0.04793572425842285,-28.002256393432617
1013,8.0,27.0,0.04780769348144531,-26.200057983398438
1014,8.0,28.0,0.04884028434753418,-27.2322940826416
1015,8.0,29.0,0.04883718490600586,-27.75305938720703
1016,8.0,30.0,0.04801130294799805,-27.07565689086914
1017,8.0,31.0,0.0486295223236084,-28.173377990722656
1018,8.0,32.0,0.04806804656982422,-24.92005157470703
1019,8.0,33.0,0.04805946350097656,-26.205142974853516
1020,8.0,34.0,0.04874706268310547,-26.856239318847656
1021,8.0,35.0,0.048963069915771484,-27.466732025146484
1022,8.0,36.0,0.04866290092468262,-26.31148338317871
1023,8.0,37.0,0.048954010009765625,-25.478229522705078
1024,8.0,38.0,0.04787898063659668,-24.87357521057129
1025,8.0,39.0,0.048140764236450195,-25.737194061279297
1026,8.0,40.0,0.0479741096496582,-27.172151565551758
1027,8.0,41.0,0.04782986640930176,-25.045955657958984
1028,8.0,42.0,0.0485684871673584,-26.723228454589844
1029,8.0,43.0,0.0511319637298584,-25.427013397216797
1030,8.0,44.0,0.04915285110473633,-26.753665924072266
1031,8.0,45.0,0.048842430114746094,-26.88555145263672
1032,8.0,46.0,0.04769730567932129,-26.450740814208984
1033,8.0,47.0,0.04815959930419922,-28.08706283569336
1034,8.0,48.0,0.04787087440490723,-25.491701126098633
1035,8.0,49.0,0.04896855354309082,-26.811248779296875
1036,8.0,50.0,0.048398494720458984,-28.36625099182129
1037,8.0,51.0,0.04802274703979492,-26.663206100463867
1038,8.0,52.0,0.04781317710876465,-26.341293334960938
1039,8.0,53.0,0.048757314682006836,-27.5231876373291
1040,8.0,54.0,0.04899859428405762,-28.337209701538086
1041,8.0,55.0,0.04896044731140137,-26.317405700683594
1042,8.0,56.0,0.04904890060424805,-27.068300247192383
1043,8.0,57.0,0.0493319034576416,-28.508785247802734
1044,8.0,58.0,0.04902768135070801,-27.711448669433594
1045,8.0,59.0,0.04767894744873047,-26.21808624267578
1046,8.0,60.0,0.04890632629394531,-27.469160079956055
1047,8.0,61.0,0.04937934875488281,-26.5827579498291
1048,8.0,62.0,0.0493626594543457,-28.136096954345703
1049,8.0,63.0,0.04922175407409668,-27.951335906982422
1050,8.0,64.0,0.04924488067626953,-27.929988861083984
1051,8.0,65.0,0.04925894737243652,-27.150981903076172
1052,8.0,66.0,0.04910111427307129,-27.277099609375
1053,8.0,67.0,0.04931497573852539,-27.8114070892334
1054,8.0,68.0,0.04907345771789551,-27.883224487304688
1055,8.0,69.0,0.04916810989379883,-26.91558837890625
1056,8.0,70.0,0.04949188232421875,-26.44035530090332
1057,8.0,71.0,0.04925227165222168,-28.007770538330078
1058,8.0,72.0,0.048607587814331055,-28.002063751220703
1059,8.0,73.0,0.048532962799072266,-27.946407318115234
1060,8.0,74.0,0.049378395080566406,-27.048688888549805
1061,8.0,75.0,0.04940962791442871,-28.172224044799805
1062,8.0,76.0,0.04933571815490723,-27.693235397338867
1063,8.0,77.0,0.04941272735595703,-28.154132843017578
1064,8.0,78.0,0.04953598976135254,-27.979034423828125
1065,8.0,79.0,0.04930567741394043,-28.670166015625
1066,8.0,80.0,0.048934221267700195,-28.044448852539062
1067,8.0,81.0,0.04834604263305664,-28.10923194885254
1068,8.0,82.0,0.04934096336364746,-27.5814208984375
1069,8.0,83.0,0.04787158966064453,-28.51783561706543
1070,8.0,84.0,0.04826045036315918,-27.377517700195312
1071,8.0,85.0,0.049169063568115234,-27.758007049560547
1072,8.0,86.0,0.048311471939086914,-26.193256378173828
1073,8.0,87.0,0.048053741455078125,-28.273366928100586
1074,8.0,88.0,0.04823136329650879,-26.77622413635254
1075,8.0,89.0,0.0490415096282959,-26.832626342773438
1076,8.0,90.0,0.049515485763549805,-27.187685012817383
1077,8.0,91.0,0.048378705978393555,-26.578826904296875
1078,8.0,92.0,0.04840421676635742,-27.056381225585938
1079,8.0,93.0,0.04919099807739258,-27.258190155029297
1080,8.0,94.0,0.04865884780883789,-26.569293975830078
1081,8.0,95.0,0.04884076118469238,-27.479755401611328
1082,8.0,96.0,0.04819130897521973,-28.462120056152344
1083,8.0,97.0,0.04804062843322754,-28.347360610961914
1084,8.0,98.0,0.04856085777282715,-27.986000061035156
1085,8.0,99.0,0.04833555221557617,-27.291881561279297
1086,8.0,100.0,0.04834103584289551,-27.94804573059082
1087,8.0,101.0,0.04948067665100098,-27.201953887939453
1088,8.0,102.0,0.049425363540649414,-28.24939727783203
1089,8.0,103.0,0.04865741729736328,-28.36604881286621
1090,8.0,104.0,0.049056291580200195,-26.70691680908203
1091,8.0,105.0,0.04945826530456543,-27.737075805664062
1092,8.0,106.0,0.04874110221862793,-26.82560920715332
1093,8.0,107.0,0.0493776798248291,-28.79922866821289
1094,8.0,108.0,0.04835033416748047,-28.081506729125977
1095,8.0,109.0,0.04964470863342285,-27.686155319213867
1096,8.0,110.0,0.04955625534057617,-28.518518447875977
1097,8.0,111.0,0.04899930953979492,-27.419389724731445
1098,8.0,112.0,0.04855537414550781,-27.219802856445312
1099,8.0,113.0,0.0482938289642334,-29.081871032714844
1100,8.0,114.0,0.04877758026123047,-26.85816764831543
1101,8.0,115.0,0.048244476318359375,-29.058727264404297
1102,8.0,116.0,0.04927468299865723,-28.133596420288086
1103,8.0,117.0,0.04889535903930664,-29.07869529724121
1104,8.0,118.0,0.049234867095947266,-27.30155372619629
1105,8.0,119.0,0.04793357849121094,-28.14374351501465
1106,8.0,120.0,0.04840397834777832,-27.65558624267578
1107,8.0,121.0,0.04870104789733887,-27.163230895996094
1108,8.0,122.0,0.04908633232116699,-28.01862907409668
1109,8.0,123.0,0.04791259765625,-27.62214469909668
1110,8.0,124.0,0.047925472259521484,-28.14293670654297
1111,8.0,125.0,0.049102783203125,-27.607566833496094
1112,8.0,126.0,0.04922127723693848,-28.0362548828125
1113,8.0,127.0,0.04893851280212402,-27.932735443115234
1114,8.0,128.0,0.048659563064575195,-27.74677085876465
1115,8.0,129.0,0.0478208065032959,-28.72336769104004
1116,8.0,130.0,0.04913020133972168,-27.54306983947754
1117,8.0,131.0,0.04899859428405762,-26.491191864013672
1118,8.0,132.0,0.0490267276763916,-28.693105697631836
1119,8.0,133.0,0.04802107810974121,-28.2366886138916
1120,8.0,134.0,0.04831218719482422,-27.864206314086914
1121,8.0,135.0,0.04784893989562988,-28.395572662353516
1122,8.0,136.0,0.04929852485656738,-27.833110809326172
1123,8.0,137.0,0.04885435104370117,-29.0757999420166
1124,8.0,138.0,0.048992156982421875,-27.49614143371582
1125,8.0,139.0,0.049162864685058594,-28.494144439697266
1126,8.0,140.0,0.04894661903381348,-27.752033233642578
1127,8.0,141.0,0.044278621673583984,-27.730220794677734
1128,9.0,1.0,0.04915904998779297,-28.942228317260742
1129,9.0,2.0,0.04801583290100098,-28.699115753173828
1130,9.0,3.0,0.04821944236755371,-29.683467864990234
1131,9.0,4.0,0.04815673828125,-27.62161636352539
1132,9.0,5.0,0.04944729804992676,-27.857534408569336
1133,9.0,6.0,0.048186302185058594,-27.763593673706055
1134,9.0,7.0,0.04816007614135742,-27.407825469970703
1135,9.0,8.0,0.04937386512756348,-27.981233596801758
1136,9.0,9.0,0.04813194274902344,-27.98589324951172
1137,9.0,10.0,0.048194169998168945,-28.012794494628906
1138,9.0,11.0,0.04799604415893555,-27.093727111816406
1139,9.0,12.0,0.048416852951049805,-27.771543502807617
1140,9.0,13.0,0.04816865921020508,-27.45767593383789
1141,9.0,14.0,0.04927229881286621,-28.916109085083008
1142,9.0,15.0,0.04801440238952637,-28.42266845703125
1143,9.0,16.0,0.04928183555603027,-27.571836471557617
1144,9.0,17.0,0.04819965362548828,-28.979549407958984
1145,9.0,18.0,0.048134565353393555,-28.422334671020508
1146,9.0,19.0,0.0494236946105957,-27.17841911315918
1147,9.0,20.0,0.0491943359375,-28.873966217041016
1148,9.0,21.0,0.04831814765930176,-26.34110450744629
1149,9.0,22.0,0.04852437973022461,-27.097949981689453
1150,9.0,23.0,0.04928922653198242,-25.937477111816406
1151,9.0,24.0,0.048349618911743164,-28.725345611572266
1152,9.0,25.0,0.04873514175415039,-28.093517303466797
1153,9.0,26.0,0.048052072525024414,-28.077238082885742
1154,9.0,27.0,0.04784584045410156,-26.908538818359375
1155,9.0,28.0,0.04917311668395996,-27.285625457763672
1156,9.0,29.0,0.04901456832885742,-27.77812385559082
1157,9.0,30.0,0.04920649528503418,-23.773746490478516
1158,9.0,31.0,0.048955440521240234,-27.50106430053711
1159,9.0,32.0,0.048862457275390625,-26.2529296875
1160,9.0,33.0,0.048784732818603516,-27.593515396118164
1161,9.0,34.0,0.047707319259643555,-27.36536979675293
1162,9.0,35.0,0.048187971115112305,-24.64166259765625
1163,9.0,36.0,0.056535959243774414,-24.06630516052246
1164,9.0,37.0,0.048729658126831055,-25.1751708984375
1165,9.0,38.0,0.047959089279174805,-25.204702377319336
1166,9.0,39.0,0.04825639724731445,-26.290481567382812
1167,9.0,40.0,0.04723215103149414,-26.336336135864258
1168,9.0,41.0,0.0471346378326416,-25.661422729492188
1169,9.0,42.0,0.047547101974487305,-25.76427459716797
1170,9.0,43.0,0.04749274253845215,-26.52766227722168
1171,9.0,44.0,0.047315359115600586,-25.320985794067383
1172,9.0,45.0,0.04748678207397461,-27.970823287963867
1173,9.0,46.0,0.04747319221496582,-26.073261260986328
1174,9.0,47.0,0.047470808029174805,-27.096675872802734
1175,9.0,48.0,0.047348737716674805,-27.645647048950195
1176,9.0,49.0,0.04743313789367676,-25.488868713378906
1177,9.0,50.0,0.04744386672973633,-27.629615783691406
1178,9.0,51.0,0.04787611961364746,-27.34076690673828
1179,9.0,52.0,0.0494539737701416,-26.219078063964844
1180,9.0,53.0,0.0496976375579834,-27.89484214782715
1181,9.0,54.0,0.04862260818481445,-24.049060821533203
1182,9.0,55.0,0.04805135726928711,-26.799978256225586
1183,9.0,56.0,0.048074960708618164,-25.582477569580078
1184,9.0,57.0,0.04928469657897949,-26.32040023803711
1185,9.0,58.0,0.04948616027832031,-26.690284729003906
1186,9.0,59.0,0.049904584884643555,-27.630558013916016
1187,9.0,60.0,0.04943346977233887,-26.938060760498047
1188,9.0,61.0,0.0485382080078125,-28.008108139038086
1189,9.0,62.0,0.04801011085510254,-26.228973388671875
1190,9.0,63.0,0.048087358474731445,-26.628889083862305
1191,9.0,64.0,0.04916214942932129,-26.37732696533203
1192,9.0,65.0,0.04879355430603027,-26.862777709960938
1193,9.0,66.0,0.04840564727783203,-25.65044403076172
1194,9.0,67.0,0.0494542121887207,-27.036834716796875
1195,9.0,68.0,0.04901623725891113,-27.992645263671875
1196,9.0,69.0,0.049996376037597656,-27.019100189208984
1197,9.0,70.0,0.04804825782775879,-26.635690689086914
1198,9.0,71.0,0.04798078536987305,-26.711694717407227
1199,9.0,72.0,0.04806685447692871,-27.827571868896484
1200,9.0,73.0,0.04670882225036621,-27.421417236328125
1201,9.0,74.0,0.04748272895812988,-26.934185028076172
1202,9.0,75.0,0.04702472686767578,-27.96239471435547
1203,9.0,76.0,0.04727482795715332,-27.615877151489258
1204,9.0,77.0,0.046851158142089844,-26.44904899597168
1205,9.0,78.0,0.047141075134277344,-27.358591079711914
1206,9.0,79.0,0.04690980911254883,-28.324016571044922
1207,9.0,80.0,0.04681730270385742,-26.684865951538086
1208,9.0,81.0,0.04706883430480957,-28.4384765625
1209,9.0,82.0,0.0468440055847168,-28.12445640563965
1210,9.0,83.0,0.047594308853149414,-26.83808135986328
1211,9.0,84.0,0.04755711555480957,-27.153722763061523
1212,9.0,85.0,0.046933889389038086,-26.214923858642578
1213,9.0,86.0,0.04676032066345215,-27.567474365234375
1214,9.0,87.0,0.04659128189086914,-27.530498504638672
1215,9.0,88.0,0.04727768898010254,-25.22608184814453
1216,9.0,89.0,0.04728531837463379,-27.957748413085938
1217,9.0,90.0,0.047540903091430664,-27.11482810974121
1218,9.0,91.0,0.04702472686767578,-27.447675704956055
1219,9.0,92.0,0.04730868339538574,-27.06601333618164
1220,9.0,93.0,0.047257423400878906,-27.057065963745117
1221,9.0,94.0,0.04732179641723633,-26.97882080078125
1222,9.0,95.0,0.047422170639038086,-27.500900268554688
1223,9.0,96.0,0.0469205379486084,-29.049617767333984
1224,9.0,97.0,0.04752326011657715,-28.63926124572754
1225,9.0,98.0,0.0472865104675293,-27.144731521606445
1226,9.0,99.0,0.047393083572387695,-28.37970542907715
1227,9.0,100.0,0.047292232513427734,-27.46944236755371
1228,9.0,101.0,0.04762578010559082,-27.451587677001953
1229,9.0,102.0,0.047472238540649414,-28.66120719909668
1230,9.0,103.0,0.04751777648925781,-27.454544067382812
1231,9.0,104.0,0.047448158264160156,-29.026662826538086
1232,9.0,105.0,0.04695725440979004,-28.70504379272461
1233,9.0,106.0,0.04680800437927246,-28.53533935546875
1234,9.0,107.0,0.04700040817260742,-28.663005828857422
1235,9.0,108.0,0.04681396484375,-28.857711791992188
1236,9.0,109.0,0.0471491813659668,-28.975889205932617
1237,9.0,110.0,0.04771018028259277,-28.172555923461914
1238,9.0,111.0,0.04744553565979004,-27.23851776123047
1239,9.0,112.0,0.04670524597167969,-28.441791534423828
1240,9.0,113.0,0.046892642974853516,-27.58702850341797
1241,9.0,114.0,0.0475316047668457,-28.858722686767578
1242,9.0,115.0,0.04750251770019531,-28.209646224975586
1243,9.0,116.0,0.04730558395385742,-28.82494354248047
1244,9.0,117.0,0.04746508598327637,-27.91067123413086
1245,9.0,118.0,0.046929359436035156,-29.01404571533203
1246,9.0,119.0,0.04661440849304199,-27.56808090209961
1247,9.0,120.0,0.04724311828613281,-28.867347717285156
1248,9.0,121.0,0.047028303146362305,-28.913503646850586
1249,9.0,122.0,0.048349618911743164,-29.002735137939453
1250,9.0,123.0,0.046853065490722656,-29.598575592041016
1251,9.0,124.0,0.046857357025146484,-28.209543228149414
1252,9.0,125.0,0.047484636306762695,-27.116470336914062
1253,9.0,126.0,0.0473477840423584,-28.183944702148438
1254,9.0,127.0,0.047362565994262695,-27.837175369262695
1255,9.0,128.0,0.04756665229797363,-29.731426239013672
1256,9.0,129.0,0.04742121696472168,-28.06110191345215
1257,9.0,130.0,0.04752802848815918,-29.092060089111328
1258,9.0,131.0,0.04762554168701172,-27.631229400634766
1259,9.0,132.0,0.0470433235168457,-29.460647583007812
1260,9.0,133.0,0.047632694244384766,-27.6892147064209
1261,9.0,134.0,0.04782533645629883,-27.807964324951172
1262,9.0,135.0,0.04696035385131836,-29.851242065429688
1263,9.0,136.0,0.047204017639160156,-28.815601348876953
1264,9.0,137.0,0.04725980758666992,-29.421287536621094
1265,9.0,138.0,0.0468137264251709,-26.984176635742188
1266,9.0,139.0,0.04721498489379883,-27.83558464050293
1267,9.0,140.0,0.04736781120300293,-27.668132781982422
1268,9.0,141.0,0.043152809143066406,-28.273151397705078
1269,10.0,1.0,0.0476839542388916,-27.92424774169922
1270,10.0,2.0,0.04770541191101074,-27.72566032409668
1271,10.0,3.0,0.04776310920715332,-27.86355972290039
1272,10.0,4.0,0.04734468460083008,-28.10598373413086
1273,10.0,5.0,0.047524213790893555,-27.563480377197266
1274,10.0,6.0,0.04695868492126465,-29.46729278564453
1275,10.0,7.0,0.046936750411987305,-27.95768165588379
1276,10.0,8.0,0.04729294776916504,-28.09373664855957
1277,10.0,9.0,0.04735231399536133,-27.942026138305664
1278,10.0,10.0,0.04722929000854492,-29.400772094726562
1279,10.0,11.0,0.04700279235839844,-28.603363037109375
1280,10.0,12.0,0.048154354095458984,-28.24472999572754
1281,10.0,13.0,0.0482792854309082,-27.916566848754883
1282,10.0,14.0,0.04896736145019531,-28.56011390686035
1283,10.0,15.0,0.04991769790649414,-29.54458236694336
1284,10.0,16.0,0.04946756362915039,-28.463237762451172
1285,10.0,17.0,0.049334049224853516,-27.35658836364746
1286,10.0,18.0,0.0491182804107666,-29.121898651123047
1287,10.0,19.0,0.04937243461608887,-28.6666259765625
1288,10.0,20.0,0.048291683197021484,-28.73112678527832
1289,10.0,21.0,0.04816150665283203,-28.08362579345703
1290,10.0,22.0,0.04938006401062012,-29.139217376708984
1291,10.0,23.0,0.049851417541503906,-28.294408798217773
1292,10.0,24.0,0.049559593200683594,-27.417865753173828
1293,10.0,25.0,0.04987907409667969,-28.840553283691406
1294,10.0,26.0,0.04883074760437012,-29.41910171508789
1295,10.0,27.0,0.04848790168762207,-28.698837280273438
1296,10.0,28.0,0.05003046989440918,-26.783994674682617
1297,10.0,29.0,0.04864335060119629,-28.25819969177246
1298,10.0,30.0,0.04827117919921875,-28.059085845947266
1299,10.0,31.0,0.049806833267211914,-27.92942237854004
1300,10.0,32.0,0.047640085220336914,-27.897615432739258
1301,10.0,33.0,0.04759073257446289,-25.742908477783203
1302,10.0,34.0,0.04732632637023926,-27.5894718170166
1303,10.0,35.0,0.04928183555603027,-27.579343795776367
1304,10.0,36.0,0.048946380615234375,-27.500831604003906
1305,10.0,37.0,0.04842853546142578,-28.350067138671875
1306,10.0,38.0,0.04956531524658203,-27.333999633789062
1307,10.0,39.0,0.04922771453857422,-27.71721839904785
1308,10.0,40.0,0.04944491386413574,-28.717422485351562
1309,10.0,41.0,0.04879260063171387,-26.831064224243164
1310,10.0,42.0,0.048064231872558594,-27.733562469482422
1311,10.0,43.0,0.047713518142700195,-28.43917465209961
1312,10.0,44.0,0.04869794845581055,-26.16973114013672
1313,10.0,45.0,0.04800891876220703,-28.27581787109375
1314,10.0,46.0,0.048752546310424805,-27.92068862915039
1315,10.0,47.0,0.04877805709838867,-27.837865829467773
1316,10.0,48.0,0.0481109619140625,-28.58285140991211
1317,10.0,49.0,0.048370361328125,-29.395597457885742
1318,10.0,50.0,0.04888510704040527,-27.75600814819336
1319,10.0,51.0,0.048413753509521484,-28.173809051513672
1320,10.0,52.0,0.04894232749938965,-28.748493194580078
1321,10.0,53.0,0.049004316329956055,-29.25225067138672
1322,10.0,54.0,0.04981708526611328,-29.017908096313477
1323,10.0,55.0,0.04863929748535156,-28.984233856201172
1324,10.0,56.0,0.04846835136413574,-28.097646713256836
1325,10.0,57.0,0.04828381538391113,-29.35771369934082
1326,10.0,58.0,0.049443721771240234,-27.699264526367188
1327,10.0,59.0,0.04822397232055664,-27.642793655395508
1328,10.0,60.0,0.049271583557128906,-27.439529418945312
1329,10.0,61.0,0.04919600486755371,-28.982900619506836
1330,10.0,62.0,0.04935312271118164,-27.39530372619629
1331,10.0,63.0,0.047911643981933594,-27.304515838623047
1332,10.0,64.0,0.04930925369262695,-25.924570083618164
1333,10.0,65.0,0.04952573776245117,-28.092792510986328
1334,10.0,66.0,0.0494539737701416,-26.972604751586914
1335,10.0,67.0,0.04864811897277832,-28.395973205566406
1336,10.0,68.0,0.04948544502258301,-27.057010650634766
1337,10.0,69.0,0.04953360557556152,-25.847084045410156
1338,10.0,70.0,0.04917478561401367,-27.68488121032715
1339,10.0,71.0,0.048793792724609375,-27.48451805114746
1340,10.0,72.0,0.048545122146606445,-28.570764541625977
1341,10.0,73.0,0.04866933822631836,-27.876325607299805
1342,10.0,74.0,0.04915785789489746,-27.641977310180664
1343,10.0,75.0,0.049604177474975586,-26.26226043701172
1344,10.0,76.0,0.04768681526184082,-27.02259635925293
1345,10.0,77.0,0.04706525802612305,-28.404420852661133
1346,10.0,78.0,0.04761314392089844,-29.4287166595459
1347,10.0,79.0,0.04768538475036621,-27.042795181274414
1348,10.0,80.0,0.04814267158508301,-28.11980438232422
1349,10.0,81.0,0.047662973403930664,-28.08434295654297
1350,10.0,82.0,0.04707741737365723,-28.430278778076172
1351,10.0,83.0,0.04699516296386719,-27.887319564819336
1352,10.0,84.0,0.04766273498535156,-28.024517059326172
1353,10.0,85.0,0.049439430236816406,-27.042890548706055
1354,10.0,86.0,0.04921460151672363,-27.7146053314209
1355,10.0,87.0,0.0488278865814209,-28.671131134033203
1356,10.0,88.0,0.04819202423095703,-29.030298233032227
1357,10.0,89.0,0.04875612258911133,-28.038217544555664
1358,10.0,90.0,0.048364877700805664,-28.965133666992188
1359,10.0,91.0,0.048096656799316406,-29.518232345581055
1360,10.0,92.0,0.04841423034667969,-28.887126922607422
1361,10.0,93.0,0.049495697021484375,-27.87114906311035
1362,10.0,94.0,0.049089908599853516,-27.69813346862793
1363,10.0,95.0,0.04949784278869629,-28.635499954223633
1364,10.0,96.0,0.048567771911621094,-27.964874267578125
1365,10.0,97.0,0.048180580139160156,-29.644683837890625
1366,10.0,98.0,0.048521995544433594,-27.721893310546875
1367,10.0,99.0,0.04852151870727539,-28.972585678100586
1368,10.0,100.0,0.049382686614990234,-28.634859085083008
1369,10.0,101.0,0.05030488967895508,-29.300989151000977
1370,10.0,102.0,0.048593997955322266,-27.579944610595703
1371,10.0,103.0,0.0495913028717041,-28.874120712280273
1372,10.0,104.0,0.04998469352722168,-30.08118438720703
1373,10.0,105.0,0.04865598678588867,-28.395971298217773
1374,10.0,106.0,0.049500226974487305,-28.191720962524414
1375,10.0,107.0,0.048268795013427734,-28.437728881835938
1376,10.0,108.0,0.0493772029876709,-27.761661529541016
1377,10.0,109.0,0.04830145835876465,-29.06292152404785
1378,10.0,110.0,0.04846835136413574,-29.210906982421875
1379,10.0,111.0,0.04840207099914551,-28.387439727783203
1380,10.0,112.0,0.049332618713378906,-29.01150131225586
1381,10.0,113.0,0.04989123344421387,-29.433809280395508
1382,10.0,114.0,0.04912376403808594,-29.993507385253906
1383,10.0,115.0,0.049329280853271484,-28.393001556396484
1384,10.0,116.0,0.048989057540893555,-30.165319442749023
1385,10.0,117.0,0.04871177673339844,-28.767345428466797
1386,10.0,118.0,0.04836750030517578,-28.492891311645508
1387,10.0,119.0,0.047911882400512695,-28.3284854888916
1388,10.0,120.0,0.049158573150634766,-29.29258918762207
1389,10.0,121.0,0.04886293411254883,-28.17860221862793
1390,10.0,122.0,0.0496976375579834,-30.0476016998291
1391,10.0,123.0,0.048735857009887695,-27.104726791381836
1392,10.0,124.0,0.04939913749694824,-29.47481918334961
1393,10.0,125.0,0.0496978759765625,-28.358802795410156
1394,10.0,126.0,0.04944133758544922,-28.23497200012207
1395,10.0,127.0,0.048229217529296875,-28.650405883789062
1396,10.0,128.0,0.04873991012573242,-29.010313034057617
1397,10.0,129.0,0.04960918426513672,-29.57114028930664
1398,10.0,130.0,0.04804348945617676,-28.14578628540039
1399,10.0,131.0,0.04935598373413086,-29.519603729248047
1400,10.0,132.0,0.04678702354431152,-29.058774948120117
1401,10.0,133.0,0.054236412048339844,-28.67913818359375
1402,10.0,134.0,0.04816579818725586,-29.476194381713867
1403,10.0,135.0,0.047414541244506836,-30.662757873535156
1404,10.0,136.0,0.046959877014160156,-28.4495906829834
1405,10.0,137.0,0.046834707260131836,-29.71670150756836
1406,10.0,138.0,0.04686880111694336,-30.845163345336914
1407,10.0,139.0,0.04668879508972168,-28.736194610595703
1408,10.0,140.0,0.047760009765625,-29.855968475341797
1409,10.0,141.0,0.04330110549926758,-27.840648651123047
